000000
000005
000010
000011
000015
000028
000035
000040
000043
000048
000049
000054
000058
000063
000065
000070
000073
000074
000076
000085
000087
000100
000103
000109
000114
000118
000124
000127
000130
000134
000142
000144
000145
000146
000147
000149
000151
000153
000154
000156
000167
000177
000179
000186
000187
000189
000190
000193
000194
000195
000199
000200
000201
000206
000207
000208
000209
000221
000223
000228
000251
000263
000264
000265
000266
000273
000274
000275
000277
000286
000287
000288
000290
000292
000294
000298
000303
000308
000311
000312
000316
000317
000324
000327
000329
000330
000332
000336
000337
000339
000341
000342
000348
000364
000365
000366
000368
000371
000380
000381
000383
000384
000394
000397
000398
000401
000407
000412
000422
000423
000428
000436
000442
000445
000448
000460
000462
000464
000465
000469
000471
000472
000477
000484
000486
000487
000490
000496
000498
000499
000502
000505
000509
000518
000520
000522
000530
000532
000535
000553
000559
000564
000567
000571
000595
000596
000598
000599
000604
000608
000613
000622
000625
000632
000633
000638
000644
000646
000663
000671
000674
000675
000679
000685
000695
000698
000701
000703
000705
000712
000713
000718
000720
000721
000722
000726
000727
000731
000734
000742
000744
000746
000755
000760
000761
000763
000764
000769
000770
000780
000782
000784
000788
000789
000797
000801
000804
000806
000808
000809
000811
000816
000825
000826
000827
000830
000840
000841
000846
000855
000861
000862
000868
000870
000874
000883
000889
000892
000902
000910
000911
000923
000925
000928
000931
000936
000937
000947
000957
000959
000961
000964
000966
000971
000982
000987
000992
000998
000999
001003
001008
001015
001019
001021
001026
001029
001031
001033
001035
001036
001037
001046
001049
001050
001057
001061
001062
001068
001069
001070
001088
001091
001100
001101
001106
001113
001114
001124
001132
001148
001149
001160
001161
001167
001169
001171
001174
001180
001184
001188
001189
001191
001193
001196
001198
001205
001207
001208
001211
001220
001221
001225
001228
001233
001238
001249
001252
001256
001262
001263
001267
001272
001279
001286
001295
001300
001307
001311
001314
001319
001322
001323
001330
001334
001340
001348
001354
001355
001357
001358
001360
001366
001368
001370
001371
001374
001378
001384
001394
001396
001397
001404
001405
001406
001407
001409
001419
001421
001422
001423
001424
001426
001428
001431
001433
001438
001441
001444
001449
001454
001458
001464
001466
001467
001468
001477
001487
001488
001496
001504
001509
001519
001523
001525
001529
001531
001540
001543
001544
001547
001548
001549
001558
001568
001570
001571
001572
001574
001589
001592
001605
001608
001609
001611
001618
001622
001624
001629
001632
001636
001640
001644
001648
001654
001655
001661
001662
001665
001667
001672
001674
001676
001682
001689
001692
001693
001696
001700
001702
001706
001712
001713
001714
001716
001725
001738
001748
001750
001758
001760
001763
001766
001770
001776
001777
001779
001782
001785
001786
001790
001792
001795
001804
001817
001819
001822
001827
001830
001835
001846
001848
001849
001853
001864
001870
001873
001874
001879
001895
001902
001908
001910
001911
001912
001915
001916
001923
001926
001931
001940
001958
001964
001970
001971
001972
001979
001981
001982
001984
001987
001988
001994
001998
002003
002005
002007
002015
002023
002024
002030
002035
002042
002045
002048
002058
002059
002063
002065
002071
002073
002075
002076
002080
002084
002091
002094
002095
002096
002101
002108
002110
002114
002117
002124
002128
002133
002144
002147
002149
002156
002157
002159
002160
002161
002164
002171
002175
002176
002178
002180
002181
002189
002194
002206
002226
002243
002245
002247
002249
002266
002267
002271
002279
002282
002283
002285
002287
002289
002294
002299
002301
002307
002308
002309
002310
002315
002317
002322
002324
002327
002334
002339
002342
002345
002348
002351
002360
002362
002369
002375
002379
002384
002386
002393
002402
002403
002405
002408
002410
002420
002424
002435
002440
002456
002457
002460
002465
002471
002476
002477
002478
002480
002485
002487
002488
002493
002496
002501
002502
002505
002507
002508
002510
002517
002524
002526
002529
002531
002536
002537
002541
002546
002548
002551
002554
002557
002560
002564
002565
002568
002569
002571
002583
002595
002598
002601
002605
002609
002613
002616
002617
002618
002626
002634
002636
002640
002643
002648
002649
002651
002663
002666
002671
002680
002681
002689
002690
002691
002692
002693
002694
002696
002699
002703
002707
002709
002713
002715
002716
002718
002721
002723
002725
002728
002731
002734
002735
002737
002739
002742
002762
002763
002767
002769
002772
002774
002775
002780
002781
002787
002792
002799
002800
002811
002822
002837
002839
002851
002857
002860
002863
002864
002867
002868
002870
002875
002881
002885
002888
002889
002892
002893
002897
002898
002904
002906
002914
002915
002917
002918
002920
002927
002933
002935
002937
002939
002943
002944
002945
002952
002953
002954
002956
002962
002966
002973
002979
002986
002994
002999
003002
003008
003009
003011
003013
003018
003020
003024
003028
003032
003033
003042
003047
003050
003054
003057
003059
003065
003071
003074
003078
003082
003084
003085
003095
003099
003102
003106
003109
003114
003118
003120
003121
003122
003124
003130
003133
003134
003140
003141
003146
003147
003149
003155
003156
003159
003162
003163
003164
003166
003171
003172
003177
003178
003182
003183
003185
003193
003195
003199
003202
003206
003207
003221
003229
003232
003233
003235
003237
003238
003247
003249
003250
003256
003257
003260
003264
003267
003269
003277
003282
003286
003289
003294
003295
003298
003302
003306
003307
003309
003311
003315
003321
003323
003324
003329
003330
003331
003333
003336
003339
003349
003356
003359
003367
003369
003373
003377
003379
003380
003387
003390
003391
003393
003398
003402
003417
003421
003426
003435
003437
003438
003442
003454
003455
003459
003464
003465
003466
003472
003476
003480
003481
003487
003489
003490
003491
003492
003494
003498
003502
003511
003514
003518
003526
003540
003544
003550
003552
003554
003555
003556
003560
003571
003576
003586
003587
003589
003591
003602
003603
003608
003617
003628
003632
003634
003641
003642
003644
003646
003649
003663
003664
003667
003668
003670
003675
003683
003686
003687
003688
003694
003696
003700
003703
003706
003709
003718
003722
003723
003725
003728
003737
003739
003740
003744
003753
003758
003759
003762
003763
003765
003766
003770
003774
003775
003777
003784
003786
003787
003790
003793
003797
003800
003801
003805
003819
003823
003826
003838
003849
003858
003861
003876
003880
003887
003905
003912
003921
003922
003924
003927
003947
003954
003955
003962
003963
003965
003967
003969
003971
003974
003979
003981
003982
003989
003993
003995
003997
004002
004012
004014
004021
004022
004024
004027
004028
004035
004038
004039
004049
004053
004055
004057
004065
004073
004074
004085
004086
004088
004090
004093
004094
004098
004103
004109
004111
004116
004119
004125
004127
004136
004139
004142
004147
004149
004165
004170
004173
004177
004179
004186
004192
004194
004215
004219
004222
004223
004226
004229
004235
004237
004240
004246
004247
004250
004251
004252
004261
004265
004268
004271
004273
004281
004283
004290
004291
004301
004305
004308
004321
004323
004327
004328
004330
004337
004338
004343
004346
004349
004358
004361
004367
004378
004379
004384
004388
004389
004398
004400
004410
004411
004414
004417
004425
004428
004431
004433
004436
004442
004443
004449
004469
004470
004472
004474
004482
004483
004487
004488
004499
004503
004508
004509
004512
004513
004514
004521
004524
004527
004529
004532
004534
004536
004543
004546
004553
004561
004562
004564
004567
004569
004570
004580
004583
004584
004588
004594
004595
004597
004602
004604
004605
004619
004627
004634
004637
004639
004646
004647
004651
004657
004665
004674
004679
004685
004692
004696
004704
004712
004717
004720
004722
004723
004724
004729
004731
004733
004740
004745
004747
004752
004753
004757
004762
004772
004773
004780
004782
004786
004788
004790
004793
004796
004797
004804
004813
004817
004818
004825
004827
004836
004837
004844
004850
004854
004855
004857
004862
004866
004869
004872
004897
004901
004902
004903
004904
004912
004915
004918
004923
004924
004928
004931
004940
004943
004944
004945
004946
004949
004950
004954
004955
004960
004963
004964
004965
004967
004968
004972
004973
004976
004977
004983
004986
004989
004996
004998
005005
005007
005011
005017
005021
005023
005026
005027
005030
005031
005037
005040
005043
005044
005045
005050
005059
005061
005064
005065
005070
005075
005077
005078
005082
005085
005086
005097
005098
005102
005104
005106
005107
005110
005114
005115
005116
005119
005124
005131
005133
005137
005142
005147
005149
005165
005168
005170
005171
005172
005185
005196
005203
005207
005208
005213
005217
005218
005226
005230
005231
005234
005235
005239
005241
005245
005248
005258
005259
005263
005267
005270
005278
005281
005286
005287
005294
005301
005309
005311
005312
005314
005316
005317
005324
005329
005335
005336
005338
005341
005348
005353
005356
005358
005360
005369
005370
005372
005380
005383
005391
005403
005408
005418
005419
005422
005429
005430
005433
005434
005436
005439
005448
005450
005453
005467
005472
005473
005482
005494
005495
005496
005504
005510
005511
005515
005517
005518
005519
005523
005524
005526
005528
005532
005536
005540
005544
005545
005551
005553
005559
005567
005568
005571
005579
005584
005587
005598
005601
005604
005608
005617
005619
005622
005633
005637
005647
005654
005656
005661
005663
005665
005666
005670
005671
005673
005682
005683
005686
005688
005690
005692
005696
005699
005711
005714
005718
005724
005733
005735
005743
005744
005746
005760
005771
005773
005779
005784
005791
005793
005801
005804
005806
005808
005812
005813
005817
005818
005824
005825
005829
005835
005836
005837
005838
005840
005846
005853
005856
005864
005866
005876
005878
005880
005881
005888
005890
005891
005899
005902
005905
005910
005915
005918
005920
005924
005931
005933
